8,1,375.0,1,Pan blanco,-2,5,75.0,2,Leche 1L,-2,4,100.0,3,Queso 500g,-2,4,200.0,
8,2,85850.0,2,Leche 1L,-2,3434,85850.0,
8,3,15.0,1,Pan blanco,-2,1,15.0,
8,5,70.0,6,Cereal Cheerios,-3,2,70.0,
8,6,240.0,7,Café 250g,-3,4,240.0,
8,1,375.0,1,Pan blanco,-2,5,75.0,2,Leche 1L,-2,4,100.0,3,Queso 500g,-2,4,200.0,
8,2,85850.0,2,Leche 1L,-2,3434,85850.0,
8,3,15.0,1,Pan blanco,-2,1,15.0,
8,4,180.0,7,Café 250g,-3,3,180.0,
8,5,70.0,6,Cereal Cheerios,-3,2,70.0,
8,6,240.0,7,Café 250g,-3,4,240.0,
8,7,120.0,4,Docena de huevos,-5,3,120.0,
8,8,60.0,7,Café 250g,-3,1,60.0,
8,9,100.0,11,Gansito Marinela,-4,5,100.0,
